1,ABR,45.45,-98.4218
2,ABI,32.41,-99.681897
3,CAK,40.92,-81.4421944
4,ALS,37.44,-105.866667
5,ABY,31.54,-84.1945
6,ALB,42.75,-73.801692
7,ABQ,35.04,-106.6091944
8,AEX,31.33,-92.549833
9,ABE,40.65,-75.440806
10,AIA,42.05,-102.803889
11,APN,45.08,-83.5603
12,AOO,40.3,-78.320022
13,AMA,35.22,-101.705931
14,ANC,61.17,-149.996361
15,ATW,44.26,-88.507576
16,AVL,35.44,-82.541806
17,ASE,39.22,-106.869
18,AHN,33.95,-83.3263
19,ATL,33.64,-84.428067
20,ACY,39.46,-74.577167
21,AGS,33.37,-81.9645
22,AUG,44.32,-69.797317
23,AUS,30.19,-97.669889
24,BFL,35.43,-119.05677
25,BWI,39.18,-76.668333
26,BGR,44.81,-68.828139
27,BHB,44.45,-68.3615653
28,BRW,71.29,-156.766003
29,BTR,30.53,-91.149639
30,BPT,29.95,-94.020694
31,BKW,37.79,-81.1242
32,BED,42.47,-71.289031
33,BLI,48.79,-122.537528
34,BJI,47.51,-94.934722
35,BET,60.78,-161.838
36,BTT,66.91,-151.529056
37,BIL,45.81,-108.537654
38,BGM,42.21,-75.979839
39,BHM,33.56,-86.75355
40,BIS,46.78,-100.757931
41,BMI,40.48,-88.915917
42,BMG,39.15,-86.6166805
43,BLF,37.3,-81.2077
44,BOI,43.56,-116.222861
45,BOS,42.36,-71.005181
46,BZN,45.78,-111.160151
47,BKX,44.3,-96.8169
48,BRO,25.91,-97.425861
49,BQK,31.26,-81.4665
50,BUF,42.94,-78.732167
51,BUR,34.2,-118.358667
52,BRL,40.78,-91.1255
53,BTV,44.47,-73.153278
54,BTM,45.95,-112.497472
55,CGI,37.23,-89.5708
56,CLD,33.07,-117.1648
57,CNM,32.34,-104.263278
58,CPR,42.91,-106.464417
59,CID,41.88,-91.710806
60,CMI,40.04,-88.278056
61,CHS,32.9,-80.040528
62,CRW,38.37,-81.593189
63,CLT,35.21,-80.943139
64,CHO,38.14,-78.452861
65,CHA,35.04,-85.203808
66,CYS,41.16,-104.811839
67,CHI,41.88,-87.631667
68,MDW,41.79,-87.752417
69,CHI,41.88,-87.631667
70,ORD,41.98,-87.904842
71,CIC,39.8,-121.858422
72,CVG,39.05,-84.667822
73,CKB,39.3,-80.2281
74,CLE,41.41,-81.849794
75,CVN,34.43,-103.079278
76,COD,44.52,-109.023806
77,CLL,30.59,-96.363833
78,COS,38.81,-104.700778
79,COU,38.82,-92.219631
80,CAE,33.94,-81.119528
81,CSG,32.52,-84.9388611
82,GTR,33.45,-88.591361
83,CMH,40,-82.891889
84,CDV,60.49,-145.477556
85,CRP,27.77,-97.501222
86,DAL,32.85,-96.851778
87,DFW,32.9,-97.037997
88,DAY,39.9,-84.219375
89,DAB,29.18,-81.058056
90,DEC,39.83,-88.865689
91,DEN,39.86,-104.673178
92,DSM,41.53,-93.663083
93,DTW,42.21,-83.353389
94,DVL,48.11,-98.908611
95,DIK,46.8,-102.801944
96,DLG,59.04,-158.5055
97,DDC,37.76,-99.9656
98,DHN,31.32,-85.449628
99,DUJ,41.18,-78.8987
100,DBQ,42.4,-90.709472
101,DLH,46.84,-92.193649
102,DRO,37.15,-107.75377
103,DUT,53.9,-166.5435
104,EAU,44.87,-91.4843
105,EEK,60.21,-162.043889
106,IPL,32.83,-115.578744
107,ELD,33.22,-92.813278
108,ELP,31.81,-106.377583
109,EKO,40.82,-115.792
110,ELM,42.16,-76.891611
111,ERI,42.08,-80.176217
112,ESC,45.72,-87.093611
113,EUG,44.12,-123.211972
114,ACV,40.98,-124.108611
115,EVV,38.04,-87.532364
116,FAI,64.82,-147.856267
117,FAR,46.92,-96.8157639
118,FMN,36.74,-108.229944
119,XNA,36.28,-94.3068111
120,FAY,34.99,-78.8803
121,FLG,35.14,-111.6692392
122,FNT,42.97,-83.743629
123,FLO,34.19,-79.723889
124,FOD,42.55,-94.191842
125,FLL,26.07,-80.15275
126,TBN,37.74,-92.140736
127,RSW,26.54,-81.755167
128,FSM,35.34,-94.367444
129,VPS,30.48,-86.5254
130,FWA,40.98,-85.195139
131,FYU,66.57,-145.250417
132,FAT,36.78,-119.71814
133,GNV,29.69,-82.271778
134,GCK,37.93,-100.724417
135,GCC,44.35,-105.5393611
136,GDV,47.14,-104.807222
137,GFK,47.95,-97.176111
138,GRI,40.97,-98.3096
139,GJT,39.12,-108.526735
140,GRR,42.88,-85.522806
141,GTF,47.48,-111.370689
142,GRB,44.49,-88.129589
143,LWB,37.86,-80.399444
144,GSO,36.1,-79.937306
145,GLH,33.48,-90.9856
146,PGV,35.64,-77.385278
147,GSP,34.9,-82.218889
148,GPT,30.41,-89.070111
149,GUC,38.53,-106.933056
150,HGR,39.71,-77.7295
151,HNM,20.8,-156.014439
152,CMX,47.17,-88.4891
153,HRL,26.23,-97.654389
154,MDT,40.19,-76.763403
155,HRO,36.26,-93.154728
156,BDL,41.94,-72.683222
157,HVR,48.54,-109.762342
158,HYS,38.84,-99.2732
159,HLN,46.61,-111.98275
160,HIB,47.39,-92.838994
161,Big,63.99,-145.721642
162,HHH,32.22,-80.752
163,HOB,32.69,-103.217028
164,HOM,59.65,-151.476583
165,HNL,21.32,-157.922428
166,MKK,21.15,-157.096256
167,EFD,29.61,-95.15875
168,HOU,29.65,-95.278889
169,IAH,29.98,-95.341442
170,EFD,29.61,-95.15875
171,HTS,38.37,-82.558
172,HSV,34.64,-86.7750556
173,HON,44.39,-98.228542
174,HYA,41.67,-70.280356
175,IDA,43.51,-112.07075
176,IND,39.72,-86.294383
177,INL,48.57,-93.403067
178,IYK,35.66,-117.829444
179,IMT,45.82,-88.1145556
180,IWD,46.53,-90.1313967
181,ISP,40.8,-73.100222
182,ITH,42.49,-76.458444
183,JAC,43.61,-110.73775
184,JAN,32.31,-90.075889
185,MKL,35.6,-88.915611
186,JAX,30.49,-81.687861
187,OAJ,34.83,-77.612139
188,JMS,46.93,-98.6782
189,JHW,42.15,-79.258056
190,JST,40.32,-78.833889
191,JPR,10.87,-61.8465
192,JLN,37.15,-94.498269
193,JNU,58.35,-134.576278
194,OGG,20.9,-156.430458
195,AZO,42.23,-85.552058
196,LUP,21.21,-156.974
197,FCA,48.31,-114.256
198,MCI,39.3,-94.713905
199,JHM,20.96,-156.673031
200,EAR,40.73,-99.0068
201,ENA,60.57,-151.245
202,KTM,27.7,85.3591
203,EYW,24.56,-81.759556
204,GRK,31.07,-97.828917
205,AKN,58.68,-156.649278
206,IGM,35.26,-113.938
207,IRK,40.09,-92.5449
208,LMT,42.16,-121.733
209,TYS,35.81,-83.994028
210,ADQ,57.75,-152.493856
211,LSE,43.88,-91.256711
212,LFT,30.21,-91.987611
213,LCH,30.13,-93.223335
214,LNY,20.79,-156.951419
215,LNS,40.12,-76.2961
216,LAN,42.78,-84.587357
217,LAR,41.31,-105.675
218,LRD,27.54,-99.461556
219,LRU,32.29,-106.921972
220,LAS,36.08,-115.15225
221,LBE,40.28,-79.4048
222,PIB,31.47,-89.3371
223,LAW,34.57,-98.4166367
224,LWS,46.37,-117.015389
225,LEW,44.05,-70.2835075
226,LWT,47.05,-109.467
227,LEX,38.04,-84.605889
228,LBL,37.04,-100.95986
229,LIH,21.98,-159.338958
230,LNK,40.85,-96.75925
231,LIT,34.73,-92.224306
232,LGB,33.82,-118.151611
233,GGG,32.38,-94.711486
234,QLA,51.19,-1.0335
235,SDF,38.17,-85.7364989
236,LBB,33.66,-101.822778
237,LYH,37.33,-79.2004
238,MCN,32.69,-83.649211
239,MSN,43.14,-89.337514
240,MHT,42.93,-71.435667
241,MHK,39.14,-96.670833
242,MBL,44.27,-86.246944
243,MWA,37.75,-89.0110936
244,MQT,46.35,-87.395278
245,MVY,41.39,-70.615278
246,MCW,43.22,-93.4067
247,MSS,44.94,-74.845547
248,MFE,26.18,-98.238611
249,MCK,40.21,-100.592222
250,MFR,42.37,-122.8735
251,MLB,28.1,-80.645258
252,MEM,35.04,-89.976667
253,MEI,32.33,-88.751868
254,MIA,25.79,-80.290556
255,MAF,31.94,-102.201914
256,MLS,46.43,-105.886
257,MKE,42.95,-87.896583
258,MSP,44.88,-93.221767
259,MOT,48.26,-101.280333
260,MSO,46.92,-114.090556
261,MOB,30.69,-88.242814
262,MOD,37.63,-120.954422
263,MLI,41.45,-90.507539
264,MLU,32.51,-92.037689
265,MRY,36.59,-121.842944
266,MGM,32.3,-86.3939722
267,MTJ,38.51,-107.894242
268,MGW,39.64,-79.916314
269,MWH,47.21,-119.32019
270,MSL,34.75,-87.6102
271,MKG,43.17,-86.2382
272,MRY,36.59,-121.842944
273,ACK,41.25,-70.060181
274,ABF,1.8,173.04
275,BNA,36.12,-86.678194
276,EWN,35.07,-77.042944
277,HVN,41.26,-72.886806
278,MSY,29.99,-90.258028
279,LGA,40.78,-73.872608
280,JFK,40.64,-73.778925
281,NYC,40.71,-74.005833
282,EWR,40.69,-74.168667
283,SWF,41.5,-74.104839
284,PHF,37.13,-76.492989
285,OME,64.51,-165.445247
286,ORF,36.89,-76.201222
287,OTH,43.42,-124.246
288,LBF,41.13,-100.684
289,OAK,37.72,-122.220722
290,OGS,44.68,-75.4655
291,OKC,35.39,-97.600733
292,OMA,41.3,-95.894069
293,ONT,34.06,-117.601194
294,SNA,33.68,-117.868222
295,MCO,28.43,-81.308994
296,OSH,44.02,-88.551336
297,OWB,37.74,-87.1668
298,OXR,34.2,-119.207222
299,PAH,37.06,-88.7729583
300,PGA,36.93,-111.4483
301,PSP,33.83,-116.506694
302,PFN,30.21,-85.682806
303,PKB,39.35,-81.4392031
304,PSC,46.26,-119.119
305,PLN,45.57,-84.7967
306,PDT,45.7,-118.841389
307,PNS,30.47,-87.186611
308,PIA,40.66,-89.693258
309,PHL,39.87,-75.241139
310,PHX,33.43,-112.011583
311,PIR,44.38,-100.286
312,SOP,35.24,-79.3887958
313,PIT,40.49,-80.232872
314,PIH,42.91,-112.596
315,PNC,36.73,-97.099781
316,PWM,43.65,-70.309281
317,PDX,45.59,-122.5975
318,PSM,43.08,-70.8233
319,PRC,34.65,-112.419583
320,PQI,46.69,-68.044797
321,PVD,41.73,-71.420383
322,PVC,42.07,-70.22139
323,PUB,38.29,-104.496572
324,PUW,46.74,-117.109583
325,UIN,39.94,-91.1946
326,RDU,35.88,-78.787472
327,RAP,44.05,-103.057222
328,RDD,40.51,-122.293389
329,RDM,44.25,-121.149964
330,RNO,39.5,-119.768108
331,RHI,45.63,-89.4675
332,RIC,37.51,-77.319667
333,RIW,43.06,-108.459722
334,ROA,37.33,-79.975417
335,RST,43.91,-92.500014
336,ROC,43.12,-77.672389
337,RKS,41.59,-109.065
338,RFD,42.2,-89.0972222
339,RKD,44.06,-69.0992303
340,ROW,33.3,-104.530556
341,RUT,43.53,-72.9496
342,SMF,38.7,-121.590778
343,MBS,43.53,-84.079647
344,SLN,38.79,-97.6522
345,SPY,4.75,-6.660817
346,SLC,40.79,-111.977772
347,SJT,31.36,-100.496306
348,SAT,29.53,-98.469778
349,SAN,32.73,-117.189667
350,QSF,36.18,5.32449
351,SFO,37.62,-122.374889
352,SJC,37.36,-121.929022
353,SBP,35.24,-120.642
354,SDP,55.32,-160.523
355,SBA,34.43,-119.840372
356,SAF,35.62,-106.089422
357,SMX,34.9,-120.457
358,STS,38.51,-122.81288
359,SLK,44.39,-74.2062
360,SRQ,27.4,-82.554389
361,CIU,46.25,-84.4724
362,SAV,32.13,-81.202139
363,BFF,41.87,-103.596
364,SEA,47.45,-122.309306
365,SHD,38.26,-78.896389
366,SHR,44.77,-106.98
367,SHV,32.45,-93.8256
368,SDY,47.71,-104.1925
369,SVC,32.64,-108.156
370,SUX,42.4,-96.384367
371,FSD,43.58,-96.741914
372,SIT,57.05,-135.361611
373,SGY,59.46,-135.316
374,SBN,41.71,-86.31725
375,GEG,47.62,-117.533833
376,SPI,39.84,-89.677889
377,CEF,42.19,-72.534783
378,SGF,37.25,-93.388639
379,VSF,43.34,-72.517222
380,STC,45.55,-94.059889
381,SGU,37.09,-113.593056
382,STL,38.75,-90.370028
383,PIE,27.91,-82.687389
384,SCE,40.85,-77.848694
385,SBS,40.52,-106.8663056
386,SUN,43.5,-114.296194
387,SRY,36.64,53.193611
388,TLH,30.4,-84.350333
389,TPA,27.98,-82.53325
390,TXK,33.45,-93.991028
391,TVF,48.07,-96.185
392,OOK,60.54,-165.087222
393,TOL,41.59,-83.807833
394,TOP,39.07,-95.622482
395,TVC,44.74,-85.582235
396,TTN,40.28,-74.813469
397,TUS,32.12,-110.941028
398,TUL,36.2,-95.888111
399,TUP,34.27,-88.7699
400,TWF,42.48,-114.487733
401,TYR,32.35,-95.402386
402,UNK,63.89,-160.798889
403,EGE,39.64,-106.917694
404,VDZ,61.13,-146.248342
405,VLD,30.78,-83.2767
406,VCT,28.85,-96.9185
407,VIS,36.32,-119.392778
408,ACT,31.61,-97.230519
409,ALW,46.09,-118.288
410,DCA,38.85,-77.037722
411,WAS,38.89,-77.035278
412,IAD,38.94,-77.455811
413,ALO,42.56,-92.4003
414,ART,43.99,-76.021739
415,ATY,44.91,-97.1547
416,CWA,44.77,-89.646635
417,EAT,47.4,-120.206
418,PBI,26.68,-80.095589
419,WYS,44.69,-111.1175
420,HPN,41.07,-73.707575
421,SPS,33.99,-98.491894
422,ICT,37.65,-97.433056
423,AVP,41.34,-75.723403
424,IPT,41.24,-76.921094
425,ISN,48.18,-103.642347
426,ILG,39.68,-75.606528
427,ILM,34.27,-77.902569
428,OLF,48.09,-105.575
429,WRL,43.97,-107.951
430,WRG,56.48,-132.37
431,YKM,46.57,-120.544
432,YAK,59.3,-139.3937
433,YUM,32.66,-114.60598
434,YXX,49.03,-122.360556
435,YAA,52.45,-125.303
436,YEK,61.09,-94.070833
437,YBG,48.33,-70.996391
438,YYC,51.11,-114.020278
439,YBL,49.95,-125.270833
440,YGR,47.42,-61.778056
441,YCG,49.3,-117.6325
442,YYG,46.29,-63.121111
443,YMT,49.77,-74.5281
444,YYQ,58.74,-94.065
445,YXC,49.61,-115.781944
446,YDF,49.21,-57.391388
447,YHD,49.83,-92.744167
448,YEG,53.31,-113.579722
449,YEO,51.01,-2.638819
450,YMM,56.65,-111.221944
451,YYE,58.84,-122.596944
452,YXJ,56.24,-120.740278
453,YSM,60.02,-111.961944
454,YFC,45.87,-66.537222
455,YQX,48.94,-54.568056
456,YGP,48.78,-64.478611
457,YQU,55.18,-118.885
458,YHZ,44.88,-63.50861
459,YHM,43.17,-79.935
460,YFB,63.76,-68.555832
461,YKA,50.7,-120.444444
462,YLW,49.96,-119.377778
463,YQK,49.79,-94.363056
464,YGK,44.23,-76.596944
465,YQL,49.63,-112.799722
466,YXU,43.03,-81.151111
467,YXH,50.02,-110.720833
468,YQM,46.11,-64.678611
469,YYY,48.61,-68.208056
470,YMQ,45.51,-73.553889
471,YUL,45.47,-73.740833
472,YCD,49.05,-123.870167
473,YYB,46.36,-79.422778
474,YOW,45.32,-75.669167
475,YYF,49.46,-119.602222
476,YZT,50.68,-127.366667
477,YPW,49.83,-124.5
478,YPR,54.29,-130.444722
479,YQB,46.79,-71.393333
480,YQZ,53.03,-122.510278
481,YRT,62.81,-92.115833
482,YRL,51.07,-93.7931
483,YQR,50.43,-104.665833
484,YRJ,48.52,-72.265556
485,YUY,48.21,-78.835556
486,YSJ,45.32,-65.890278
487,YZP,53.25,-131.813833
488,YZR,43,-82.308889
489,YXE,52.17,-106.699722
490,YAM,46.49,-84.509445
491,YZV,50.22,-66.265556
492,YXL,50.11,-91.905278
493,YYD,54.82,-127.182778
494,YYT,47.62,-52.751945
495,YSB,46.63,-80.798889
496,YQY,46.16,-60.047779
497,YXT,54.47,-128.576219
498,YTH,55.8,-97.864166
499,YQT,48.37,-89.323889
500,YTS,48.57,-81.376667
501,YYZ,43.68,-79.630556
502,YTO,43.65,-79.383056
503,YTZ,43.63,-79.396167
504,YVO,48.05,-77.782778
505,YVR,49.19,-123.184444
506,YYJ,48.65,-123.425833
507,YWK,52.92,-66.864444
508,YXY,60.71,-135.067269
509,YWL,52.18,-122.054167
510,YQG,42.28,-82.955556
511,YWG,49.91,-97.239886
512,YZF,62.46,-114.440278
513,LAX,33.94,-118.408075